['=', 1, (1, 1), 13000]
['=', 10, (1, 1), 13001]
['GOTO', None, None, 196]
['=', 10, (1, 1), 13001]
['+', 9011, 9012, 16000]
['=', 1, (1, 1), 13000]
['+', 16000, 13000, 16001]
['=', 2, (1, 1), 13002]
['/', 16001, 13002, 16002]
['=', 16002, (1, 1), 9013]
['=', 1, (1, 1), 13000]
['-', 9012, 13000, 16003]
['==', 9011, 16003, 22000]
['GOTOF', 22000, None, 31]
['=', -1, (1, 1), 13003]
['==', 9011, 13003, 22001]
['GOTOF', 22001, None, 20]
['RETURN', 9011, None, 5010]
['GOTO', None, None, 48]
['VER', 9011, 0, 10]
['*', 9011, 13000, 16004]
['+', 16004, 9000, 24000]
['==', 24000, 9010, 22002]
['GOTOF', 22002, None, 28]
['RETURN', 9011, None, 5010]
['GOTO', None, None, 48]
['GOTO', None, None, 31]
['=', -1, (1, 1), 13003]
['RETURN', 13003, None, 5010]
['GOTO', None, None, 48]
['VER', 9013, 0, 10]
['*', 9013, 13000, 16005]
['+', 16005, 9000, 24001]
['>', 24001, 9010, 22003]
['GOTOF', 22003, None, 38]
['=', 9013, (1, 1), 9012]
['GOTO', None, None, 39]
['=', 9013, (1, 1), 9011]
['ERA', None, None, 'binarySearch']
['PARAM', 9000, (10, 1), 9000]
['PARAM', 9010, (1, 1), 9010]
['PARAM', 9011, (1, 1), 9011]
['PARAM', 9012, (1, 1), 9012]
['GOSUB', None, None, 4]
['=', 5010, (1, 1), 16006]
['RETURN', 16006, None, 5010]
['GOTO', None, None, 48]
['ENDfunc', None, None, None]
['=', 10, (1, 1), 13001]
['=', 10, (1, 1), 13001]
['=', 0, (1, 1), 13004]
['=', 13004, (1, 1), 13001]
['=', -1, (1, 1), 13003]
['=', 13003, (1, 1), 9024]
['=', 1, (1, 1), 13000]
['+', 9024, 13000, 16007]
['=', 16007, (1, 1), 9024]
['VER', 9024, 0, 10]
['*', 9024, 13000, 16008]
['+', 16008, 9014, 24002]
['=', 9010, (1, 1), 24002]
['=', 1, (1, 1), 13000]
['+', 9024, 13000, 16009]
['=', 16009, (1, 1), 9024]
['VER', 9024, 0, 10]
['*', 9024, 13000, 16010]
['+', 16010, 9014, 24003]
['=', 9011, (1, 1), 24003]
['=', 0, (1, 1), 13004]
['>=', 9024, 13004, 22004]
['GOTOF', 22004, None, 184]
['VER', 9024, 0, 10]
['*', 9024, 13000, 16011]
['+', 16011, 9014, 24004]
['=', 24004, (1, 1), 9011]
['=', 1, (1, 1), 13000]
['-', 9024, 13000, 16012]
['=', 16012, (1, 1), 9024]
['VER', 9024, 0, 10]
['*', 9024, 13000, 16013]
['+', 16013, 9014, 24005]
['=', 24005, (1, 1), 9010]
['=', 1, (1, 1), 13000]
['-', 9024, 13000, 16014]
['=', 16014, (1, 1), 9024]
['=', 1, (1, 1), 13000]
['-', 9010, 13000, 16015]
['=', 16015, (1, 1), 9025]
['VER', 9011, 0, 10]
['*', 9011, 13000, 16016]
['+', 16016, 9000, 24006]
['=', 24006, (1, 1), 9026]
['=', 9010, (1, 1), 9027]
['<', 9027, 9011, 22005]
['GOTOF', 22005, None, 121]
['VER', 9027, 0, 10]
['*', 9027, 13000, 16017]
['+', 16017, 9000, 24007]
['<=', 24007, 9026, 22006]
['GOTOF', 22006, None, 119]
['=', 1, (1, 1), 13000]
['+', 9025, 13000, 16018]
['=', 16018, (1, 1), 9025]
['VER', 9025, 0, 10]
['*', 9025, 13000, 16019]
['+', 16019, 9000, 24008]
['=', 24008, (1, 1), 9028]
['VER', 9025, 0, 10]
['*', 9025, 13000, 16020]
['+', 16020, 9000, 24009]
['VER', 9027, 0, 10]
['*', 9027, 13000, 16021]
['+', 16021, 9000, 24010]
['=', 24010, (1, 1), 24009]
['VER', 9027, 0, 10]
['*', 9027, 13000, 16022]
['+', 16022, 9000, 24011]
['=', 9028, (1, 1), 24011]
['+', 9027, 13000, 9027]
['GOTO', None, None, 94]
['=', 1, (1, 1), 13000]
['+', 9025, 13000, 16023]
['VER', 16023, 0, 10]
['*', 16023, 13000, 16024]
['+', 16024, 9000, 24012]
['=', 24012, (1, 1), 9028]
['=', 1, (1, 1), 13000]
['+', 9025, 13000, 16025]
['VER', 16025, 0, 10]
['*', 16025, 13000, 16026]
['+', 16026, 9000, 24013]
['VER', 9011, 0, 10]
['*', 9011, 13000, 16027]
['+', 16027, 9000, 24014]
['=', 24014, (1, 1), 24013]
['VER', 9011, 0, 10]
['*', 9011, 13000, 16028]
['+', 16028, 9000, 24015]
['=', 9028, (1, 1), 24015]
['=', 1, (1, 1), 13000]
['+', 9025, 13000, 16029]
['=', 16029, (1, 1), 9013]
['=', 1, (1, 1), 13000]
['-', 9013, 13000, 16030]
['>', 16030, 9010, 22007]
['GOTOF', 22007, None, 163]
['=', 1, (1, 1), 13000]
['+', 9024, 13000, 16031]
['=', 16031, (1, 1), 9024]
['VER', 9024, 0, 10]
['*', 9024, 13000, 16032]
['+', 16032, 9014, 24016]
['=', 9010, (1, 1), 24016]
['=', 1, (1, 1), 13000]
['+', 9024, 13000, 16033]
['=', 16033, (1, 1), 9024]
['VER', 9024, 0, 10]
['*', 9024, 13000, 16034]
['+', 16034, 9014, 24017]
['=', 1, (1, 1), 13000]
['-', 9013, 13000, 16035]
['=', 16035, (1, 1), 24017]
['=', 1, (1, 1), 13000]
['+', 9013, 13000, 16036]
['<', 16036, 9011, 22008]
['GOTOF', 22008, None, 183]
['=', 1, (1, 1), 13000]
['+', 9024, 13000, 16037]
['=', 16037, (1, 1), 9024]
['VER', 9024, 0, 10]
['*', 9024, 13000, 16038]
['+', 16038, 9014, 24018]
['=', 1, (1, 1), 13000]
['+', 9013, 13000, 16039]
['=', 16039, (1, 1), 24018]
['=', 1, (1, 1), 13000]
['+', 9024, 13000, 16040]
['=', 16040, (1, 1), 9024]
['VER', 9024, 0, 10]
['*', 9024, 13000, 16041]
['+', 16041, 9014, 24019]
['=', 9011, (1, 1), 24019]
['GOTO', None, None, 69]
['PRINT', 9000, (10, 1), None]
['ERA', None, None, 'binarySearch']
['PARAM', 9000, (10, 1), 9000]
['PARAM', 9012, (1, 1), 9010]
['=', -1, (1, 1), 13003]
['PARAM', 13003, (1, 1), 9011]
['=', 10, (1, 1), 13001]
['PARAM', 13001, (1, 1), 9012]
['GOSUB', None, None, 4]
['=', 5010, (1, 1), 16042]
['PRINT', 16042, (1, 1), None]
['ENDfunc', None, None, None]
['=', 0, (1, 1), 13004]
['=', 13004, (1, 1), 9000]
['=', 0, (1, 1), 13004]
['VER', 13004, 0, 10]
['*', 13004, 13000, 16043]
['+', 16043, 5000, 24020]
['=', 14, (1, 1), 13005]
['=', 13005, (1, 1), 24020]
['=', 1, (1, 1), 13000]
['VER', 13000, 0, 10]
['*', 13000, 13000, 16044]
['+', 16044, 5000, 24021]
['=', 50, (1, 1), 13006]
['=', 13006, (1, 1), 24021]
['=', 2, (1, 1), 13002]
['VER', 13002, 0, 10]
['*', 13002, 13000, 16045]
['+', 16045, 5000, 24022]
['=', 4, (1, 1), 13007]
['=', 13007, (1, 1), 24022]
['=', 3, (1, 1), 13008]
['VER', 13008, 0, 10]
['*', 13008, 13000, 16046]
['+', 16046, 5000, 24023]
['=', 2, (1, 1), 13002]
['=', 13002, (1, 1), 24023]
['=', 4, (1, 1), 13007]
['VER', 13007, 0, 10]
['*', 13007, 13000, 16047]
['+', 16047, 5000, 24024]
['=', -17, (1, 1), 13009]
['=', 13009, (1, 1), 24024]
['=', 5, (1, 1), 13010]
['VER', 13010, 0, 10]
['*', 13010, 13000, 16048]
['+', 16048, 5000, 24025]
['=', 0, (1, 1), 13004]
['=', 13004, (1, 1), 24025]
['=', 6, (1, 1), 13011]
['VER', 13011, 0, 10]
['*', 13011, 13000, 16049]
['+', 16049, 5000, 24026]
['=', 1000, (1, 1), 13012]
['=', 13012, (1, 1), 24026]
['=', 7, (1, 1), 13013]
['VER', 13013, 0, 10]
['*', 13013, 13000, 16050]
['+', 16050, 5000, 24027]
['=', -2, (1, 1), 13014]
['=', 13014, (1, 1), 24027]
['=', 8, (1, 1), 13015]
['VER', 13015, 0, 10]
['*', 13015, 13000, 16051]
['+', 16051, 5000, 24028]
['=', 15, (1, 1), 13016]
['=', 13016, (1, 1), 24028]
['=', 9, (1, 1), 13017]
['VER', 13017, 0, 10]
['*', 13017, 13000, 16052]
['+', 16052, 5000, 24029]
['=', 6, (1, 1), 13011]
['=', 13011, (1, 1), 24029]
['=', 50, (1, 1), 13006]
['=', 13006, (1, 1), 9001]
['ERA', None, None, 'quickSort']
['PARAM', 5000, (10, 1), 9000]
['=', 0, (1, 1), 13004]
['PARAM', 13004, (1, 1), 9010]
['=', 9, (1, 1), 13017]
['PARAM', 13017, (1, 1), 9011]
['PARAM', 9001, (1, 1), 9012]
['GOSUB', None, None, 49]
['END', None, None, None]
